8518, 1862, 4407, 5806, 5, 7680, 9894, 3546, 8305, 4385, 2981, 9237, 1481, 7244, 9870, 5477, 105, 1875, 7088, 7571, 2584, 3873, 6141, 8275, 6643, 4011, 7421, 1398, 2074, 6269, 3365, 8031, 1179, 3982, 5969, 1940, 5990, 2170, 6401, 7536, 878, 8099, 9089, 3419, 6780, 3922, 524, 1953, 8696, 3967, 8518, 1862, 4407, 5806, 5, 7680, 9894, 3546, 8305, 4385, 2981, 9237, 1481, 7244, 9870, 5477, 105, 1875, 7088, 7571, 2584, 3873, 6141, 8275, 6643, 4011, 7421, 1398, 2074, 6269, 3365, 8031, 1179, 3982, 5969, 1940, 5990, 2170, 6401, 7536, 878, 8099, 9089, 3419, 6780, 3922, 524, 1953, 8696, 3967, 8518, 1862, 4407, 5806, 5, 7680, 9894, 3546, 8305, 4385, 2981, 9237, 1481, 7244, 9870, 5477, 105, 1875, 7088, 7571, 2584, 3873, 6141, 8275, 6643, 4011, 7421, 1398, 2074, 6269, 3365, 8031, 1179, 3982, 5969, 1940, 5990, 2170, 6401, 7536, 878, 8099, 9089, 3419, 6780, 3922, 524, 1953, 8696, 3967, 8518, 1862, 4407, 5806, 5, 7680, 9894, 3546, 8305, 4385, 2981, 9237, 1481, 7244, 9870, 5477, 105, 1875, 7088, 7571, 2584, 3873, 6141, 8275, 66, 5990, 2170, 6401, 7536, 878, 8099, 9089, 3419, 6780, 3922, 524, 1953, 8696, 3967, 8518, 1862, 4407, 5806, 5, 7680, 9894, 3546, 8305, 4385, 2981, 9237, 1481, 7244, 9870, 5477, 105, 1875, 7088, 7571, 2584, 3873, 6141, 8275, 6643, 4011, 7421, 1398, 2074, 6269, 3365, 8031, 1179, 3982, 5969, 1940, 5990, 2170, 6401, 7536, 878, 8099, 9089, 3419, 6780, 3922, 524, 1953, 8696, 3967, 8518, 1862, 4407, 5806, 5, 7680, 9894, 3546, 8305, 4385, 2981, 9237, 1481, 7244, 9870, 5477, 105, 1875, 7088, 7571, 2584, 3873, 6141, 8275, 6643, 4011, 7421, 1398, 2074, 6269, 3365, 8031, 1179, 3982, 5969, 1940, 5990, 2170, 6401, 7536, 878, 8099, 9089, 3419, 6780, 3922, 524, 1953, 8696, 3967, 8518, 1862, 4407, 5806, 5, 7680, 9894, 3546, 8305, 4385, 2981, 9237, 1481, 7244, 9870, 5477, 105, 1875, 7088, 7571, 2584, 3873, 6141, 8275, 6643, 4011, 7421, 1398, 2074, 6269, 3365, 8031, 1179, 3982, 5969, 1940, 5990, 2170, 6401, 7536, 878, 8099, 9089, 3419, 6780, 3922, 524, 1953, 8696, 3967
?
10552
12586
12538
6355
11998
4027
12454
14111
13474
3253
